1341847980.722988 0.0001605 0.0001959 0.0024199 -0.0001583 0.0004545 -0.0000249 0.9999999
1341847981.694720 -0.0373411 0.0047471 -0.0073151 0.0048043 0.0151602 0.0048803 0.9998616
1341847982.027112 -0.0605028 0.0097146 -0.0093561 -0.0018766 0.0164801 0.0032065 0.9998573
1341847982.934803 -0.1208398 0.0061232 -0.0082133 0.0063530 0.0517685 0.0220172 0.9983962
1341847984.238670 -0.3166644 0.0136504 -0.0060992 -0.0037253 0.0913148 0.0285966 0.9954044
1341847984.374794 -0.3362724 0.0155818 0.0012738 -0.0111451 0.0891551 0.0314032 0.9954602
1341847984.979236 -0.4007354 -0.0092718 0.0816472 -0.0062459 0.0918295 0.0502357 0.9944872
1341847988.333739 -0.5479518 -0.1809825 0.5289288 0.0277731 0.3381089 0.1629873 0.9264697
1341847988.837897 -0.5728933 -0.1859075 0.5579430 0.0174282 0.3532026 0.1841134 0.9170859
1341847989.366685 -0.6340470 -0.2130898 0.5749756 0.0130844 0.3572863 0.1802342 0.9163465
1341847990.642783 -0.7939529 -0.2531587 0.5949294 0.0080213 0.3827711 0.1833677 0.9054271
1341847990.742712 -0.8059184 -0.2544247 0.5974761 0.0097767 0.3850224 0.1935871 0.9023226
1341847990.978824 -0.8244544 -0.2613910 0.6078520 0.0068065 0.3986132 0.2001293 0.8949913
1341847991.178778 -0.8390325 -0.2700605 0.6188555 0.0098284 0.4099231 0.2062339 0.8884447
1341847992.318683 -0.9139124 -0.3273037 0.6943948 0.0103646 0.4934134 0.2541896 0.8317593
1341847992.686829 -0.9524239 -0.3470696 0.7262886 0.0134689 0.5140519 0.2733597 0.8129230
1341847992.886610 -0.9702643 -0.3559034 0.7430888 0.0097355 0.5221273 0.2750533 0.8072385
1341847993.086751 -0.9807075 -0.3649661 0.7611004 0.0071677 0.5292951 0.2795036 0.8010449
1341847994.133885 -1.0045878 -0.4298831 0.8737479 -0.0062735 0.5804108 0.3037704 0.7555180
1341847994.233618 -1.0070539 -0.4369944 0.8823014 0.0016294 0.5862331 0.3073223 0.7495873
1341847994.469690 -1.0228226 -0.4556543 0.9072161 0.0161183 0.6008281 0.3092330 0.7369672
1341847995.166644 -1.0477957 -0.4972184 0.9902189 0.0063534 0.6397572 0.3424609 0.6880341
1341847995.334686 -1.0534153 -0.5075205 1.0037435 0.0113368 0.6498136 0.3449448 0.6772199
1341847995.566681 -1.0535362 -0.5197042 1.0289899 0.0155553 0.6557215 0.3516463 0.6679313
1341847996.974782 -1.0559510 -0.5679113 1.1325182 0.0107178 0.7105657 0.3909377 0.5849352
1341847997.142993 -1.0618141 -0.5790182 1.1548303 0.0133350 0.7137369 0.3873287 0.5834195
1341847997.446693 -1.0599575 -0.5973937 1.1863035 0.0098583 0.7221001 0.3838426 0.5754469
1341847998.283062 -1.0137013 -0.6596323 1.2820158 0.0200576 0.7446696 0.3850199 0.5448161
1341847998.382723 -1.0094054 -0.6665326 1.2945988 0.0183513 0.7418754 0.3846863 0.5489086
1341847998.484037 -1.0054048 -0.6723509 1.3078166 0.0110116 0.7398320 0.3821756 0.5535966
1341847999.290995 -0.9771331 -0.7132952 1.4173797 -0.0030985 0.7505451 0.3964891 0.5286482
1341847999.354861 -0.9740439 -0.7175049 1.4234104 0.0065445 0.7522203 0.4002900 0.5233447
1341847999.558926 -0.9628325 -0.7267168 1.4391035 0.0194799 0.7701634 0.4052570 0.4921743
1341848000.126737 -0.9037108 -0.7297715 1.4659302 0.0278100 0.7958270 0.4444862 0.4102658
1341848000.362696 -0.8793072 -0.7282819 1.4702506 0.0179897 0.7983223 0.4635239 0.3840618
1341848000.695377 -0.8434670 -0.7247928 1.4712884 0.0194144 0.8102369 0.4658043 0.3551980
1341848001.130714 -0.7872113 -0.7307297 1.4786322 0.0383518 0.8243392 0.4691285 0.3145036
1341848001.299150 -0.7657431 -0.7286178 1.4835011 0.0275272 0.8324827 0.4652567 0.2995847
1341848001.770725 -0.7129379 -0.7119659 1.4729121 0.0117006 0.8593489 0.4628207 0.2172086
1341848001.870724 -0.7016482 -0.7091631 1.4690053 0.0128173 0.8621648 0.4651433 0.2003728
1341848002.038858 -0.6840963 -0.7076935 1.4633697 0.0189448 0.8640065 0.4705553 0.1780777
1341848002.102720 -0.6765684 -0.7060871 1.4603051 0.0227826 0.8655192 0.4707421 0.1695857
1341848002.639359 -0.6241766 -0.6833593 1.4444968 0.0067816 0.8641714 0.4894702 0.1165364
1341848003.175700 -0.5672411 -0.6643034 1.4428310 -0.0023206 0.8641607 0.4861039 0.1300925
1341848003.278886 -0.5564618 -0.6608160 1.4419928 -0.0091595 0.8650303 0.4844100 0.1303290
1341848003.685816 -0.5109419 -0.6478866 1.4398900 -0.0229194 0.8615051 0.4714411 0.1871549
1341848003.785807 -0.5010963 -0.6446792 1.4377555 -0.0274135 0.8595092 0.4682631 0.2030322
1341848003.885751 -0.4915136 -0.6403043 1.4335988 -0.0317628 0.8570146 0.4675965 0.2141743
1341848004.189785 -0.4625315 -0.6236603 1.4162072 -0.0278006 0.8480969 0.4684066 0.2460774
1341848004.357934 -0.4460496 -0.6123853 1.4091567 -0.0339125 0.8398654 0.4673389 0.2739898
1341848004.457752 -0.4358540 -0.6061892 1.4079565 -0.0426899 0.8345011 0.4655824 0.2915793
1341848004.925788 -0.4040999 -0.5851010 1.4064051 -0.0601615 0.8041449 0.4809235 0.3441574
1341848005.965681 -0.3636020 -0.5824543 1.4234737 -0.0602403 0.7634094 0.4604159 0.4489927
1341848007.366699 -0.3095734 -0.6305873 1.4861418 -0.0102588 0.7729977 0.4425539 0.4544396
1341848007.834962 -0.2886384 -0.6599725 1.5166012 -0.0005896 0.7885613 0.4562825 0.4122826
1341848009.242869 -0.1890882 -0.7122726 1.5899557 0.0113055 0.8291699 0.5085069 0.2318839
1341848009.342882 -0.1815238 -0.7130584 1.5918038 0.0100320 0.8303626 0.5162734 0.2094257
1341848009.578814 -0.1627679 -0.7106366 1.6010760 0.0069052 0.8325685 0.5221472 0.1847820
1341848010.146752 -0.1061501 -0.6935557 1.5927860 0.0021881 0.8339952 0.5207641 0.1823512
1341848010.246831 -0.0968291 -0.6885008 1.5823132 0.0025312 0.8334449 0.5239465 0.1756226
1341848010.618690 -0.0774584 -0.6724789 1.5470929 0.0065920 0.8303291 0.5376169 0.1465548
1341848010.818844 -0.0718100 -0.6693179 1.5310891 0.0081495 0.8321803 0.5396597 0.1271890
1341848011.858763 -0.0532994 -0.6438870 1.4921442 0.0133215 0.8330877 0.5526296 0.0196931
1341848012.226750 -0.0552323 -0.6226529 1.4685711 0.0082057 0.8267706 0.5624070 0.0090265
1341848012.494697 -0.0545882 -0.6027542 1.4449590 -0.0130377 0.8192167 0.5726023 0.0289920
1341848013.098784 -0.0396196 -0.5739673 1.4161980 -0.0621400 0.8149183 0.5626758 0.1242687
1341848013.198719 -0.0369260 -0.5711879 1.4169072 -0.0583356 0.8122280 0.5620108 0.1450050
1341848013.298709 -0.0349273 -0.5688011 1.4173062 -0.0547240 0.8071888 0.5641943 0.1647312
1341848013.698821 -0.0163096 -0.5654086 1.4253085 -0.0761015 0.7885128 0.5538265 0.2563832
1341848014.102686 0.0036329 -0.5608045 1.4337747 -0.0893751 0.7752012 0.5282992 0.3346269
1341848014.202658 0.0135696 -0.5599114 1.4359025 -0.0988887 0.7664136 0.5268729 0.3538873
1341848014.302738 0.0239625 -0.5585334 1.4397357 -0.1025393 0.7604839 0.5198886 0.3753210
1341848014.606858 0.0541368 -0.5591866 1.4558491 -0.1109035 0.7402112 0.4835856 0.4537981
1341848014.706765 0.0629410 -0.5611261 1.4549472 -0.1053544 0.7300274 0.4768705 0.4780743
1341848015.174708 0.0934463 -0.5554661 1.4693815 -0.1082392 0.6849593 0.4619793 0.5528926
1341848015.274780 0.0990327 -0.5517277 1.4702758 -0.1115464 0.6725850 0.4581911 0.5703049
1341848015.650094 0.1121869 -0.5468673 1.4697835 -0.1049176 0.6038674 0.4300013 0.6628992
1341848016.757848 0.1058569 -0.5666323 1.4895148 -0.0605133 0.5722559 0.3773626 0.7255748
1341848016.950706 0.0964129 -0.5777720 1.5003055 -0.0620406 0.5702101 0.3802273 0.7255609
1341848017.086845 0.0880100 -0.5842584 1.5075577 -0.0640448 0.5755265 0.3827737 0.7198277
1341848017.186855 0.0823177 -0.5898964 1.5122690 -0.0629056 0.5862013 0.3880097 0.7084203
1341848017.686820 0.0487210 -0.6157079 1.5255922 -0.0275649 0.6417016 0.3933514 0.6578252
1341848017.722837 0.0428899 -0.6174106 1.5258647 -0.0216654 0.6455007 0.3915943 0.6553727
1341848018.433770 0.0245899 -0.6425548 1.5562797 -0.0093098 0.6878651 0.4123928 0.5972329
1341848018.802234 0.0238329 -0.6648548 1.5957453 -0.0084286 0.7109987 0.4301106 0.5562505
1341848019.096441 0.0211637 -0.6888986 1.6214544 -0.0042096 0.7241552 0.4294019 0.5396253
1341848019.231114 0.0200479 -0.6977181 1.6323221 -0.0067547 0.7326469 0.4344775 0.5238436
1341848019.530821 0.0147977 -0.7220759 1.6707401 -0.0106442 0.7582256 0.4375634 0.4832379
1341848019.834660 0.0146470 -0.7437083 1.7112299 -0.0077275 0.7715649 0.4455342 0.4540122
1341848020.002811 0.0169586 -0.7508045 1.7240498 -0.0016915 0.7816089 0.4523822 0.4294590
1341848020.471200 0.0386142 -0.7719654 1.7584414 -0.0015123 0.8177373 0.4536746 0.3542355
1341848020.638929 0.0483966 -0.7813992 1.7761216 0.0102330 0.8278787 0.4595006 0.3215142
1341848020.807216 0.0608887 -0.7880852 1.7874033 0.0122108 0.8304900 0.4679498 0.3019275
1341848021.142795 0.0879353 -0.8019307 1.8050135 0.0112510 0.8392019 0.4734819 0.2672609
1341848021.678764 0.1489464 -0.8257440 1.8376714 0.0133084 0.8707364 0.4578147 0.1790159
1341848021.878887 0.1726918 -0.8293233 1.8456192 0.0094005 0.8735103 0.4619532 0.1532665
1341848022.078665 0.1995936 -0.8326926 1.8475444 0.0047619 0.8802133 0.4562495 0.1305304
1341848022.278764 0.2277641 -0.8332733 1.8430034 0.0036468 0.8880935 0.4489195 0.0987314
1341848022.454164 0.2498633 -0.8348542 1.8323524 0.0145188 0.8932111 0.4442063 0.0681460
1341848022.782985 0.2856734 -0.8414837 1.8189822 0.0203587 0.8982280 0.4388285 0.0141935
1341848022.950815 0.3029698 -0.8374440 1.8012558 0.0065279 0.8863150 0.4622825 -0.0264178
1341848023.118789 0.3257179 -0.8311456 1.7986565 0.0005071 0.8851975 0.4593254 -0.0737923
1341848023.454710 0.3679454 -0.8115640 1.7850778 -0.0083313 0.8647351 0.4815172 -0.1424960
1341848023.622845 0.3828753 -0.8019871 1.7729157 -0.0109729 0.8612331 0.4803579 -0.1655699
1341848023.822788 0.3966654 -0.7928306 1.7561617 -0.0119316 0.8588704 0.4732588 -0.1955128
1341848024.022671 0.4071303 -0.7831337 1.7326854 -0.0043246 0.8525640 0.4700294 -0.2284476
1341848024.222838 0.4143189 -0.7772490 1.7120980 0.0097747 0.8460333 0.4687880 -0.2537122
1341848024.390878 0.4197792 -0.7668123 1.6947063 0.0076923 0.8370172 0.4729009 -0.2751504
1341848025.262679 0.4928028 -0.7182068 1.6389639 0.0221120 0.7987403 0.4693519 -0.3758107
1341848025.462832 0.5087467 -0.7111194 1.6274322 0.0200879 0.7923527 0.4689980 -0.3896340
1341848025.866679 0.5319644 -0.6948560 1.6052330 0.0195072 0.7786153 0.4655234 -0.4203161
1341848026.066857 0.5427137 -0.6847069 1.5930237 0.0273958 0.7715765 0.4605839 -0.4379289
1341848026.267001 0.5557193 -0.6736683 1.5815985 0.0426577 0.7615796 0.4561945 -0.4583268
1341848026.434734 0.5642167 -0.6654049 1.5712045 0.0506118 0.7540380 0.4531527 -0.4727767
1341848026.838668 0.5914846 -0.6484085 1.5464315 0.0449586 0.7476606 0.4458734 -0.4900808
1341848027.006815 0.6096615 -0.6395280 1.5369840 0.0412124 0.7458388 0.4496776 -0.4897103
1341848027.274701 0.6453483 -0.6319073 1.5247716 -0.0427338 -0.7435986 -0.4398652 0.5017505
1341848027.574717 0.6838453 -0.6251914 1.5098791 0.0385864 0.7561400 0.4234525 -0.4974448
1341848027.878669 0.7087014 -0.6149934 1.4914227 0.0330248 0.7622213 0.4270045 -0.4853815
1341848029.250626 0.7751102 -0.5599041 1.3646775 0.0334891 0.7616822 0.4242407 -0.4886087
1341848029.418757 0.7856554 -0.5527267 1.3536463 0.0301592 0.7566905 0.4234037 -0.4972316
1341848029.586990 0.8011910 -0.5460547 1.3424045 -0.0297506 -0.7532223 -0.4145370 0.5098335
1341848029.754791 0.8176249 -0.5396532 1.3307064 -0.0327063 -0.7447405 -0.4089251 0.5263764
1341848030.565795 0.8731816 -0.5044155 1.2862358 -0.0368340 -0.6980844 -0.4008515 0.5921483
1341848030.690656 0.8791297 -0.4973177 1.2760390 -0.0409071 -0.6920699 -0.3929873 0.6040918
1341848030.827483 0.8850226 -0.4909059 1.2638842 -0.0414084 -0.6852757 -0.3834855 0.6177552
1341848031.766658 0.9336475 -0.4612936 1.1844696 -0.0546046 -0.6537758 -0.3381656 0.6747145
1341848031.966694 0.9479275 -0.4566054 1.1726480 -0.0539509 -0.6411086 -0.3244626 0.6933925
1341848032.470791 0.9813337 -0.4376593 1.1401690 -0.0463497 -0.6234151 -0.3127698 0.7151086
1341848032.670780 0.9923760 -0.4329867 1.1254351 -0.0407524 -0.6239202 -0.3044828 0.7185771
1341848032.970816 1.0052172 -0.4204826 1.0977275 -0.0392466 -0.6228367 -0.3008535 0.7211250
1341848033.710808 1.0084690 -0.3909727 1.0372360 -0.0476469 -0.5911242 -0.2765696 0.7561820
1341848034.421769 1.0291821 -0.3787587 0.9956136 -0.0354316 -0.5409224 -0.2239468 0.8099355
1341848034.782798 1.0488522 -0.3560784 0.9617996 -0.0409292 -0.5315767 -0.2250145 0.8155486
1341848034.882707 1.0526613 -0.3498911 0.9538189 -0.0417338 -0.5291092 -0.2264860 0.8167042
1341848035.686693 1.0515003 -0.3145062 0.8946544 -0.0535055 -0.5055547 -0.1979541 0.8380727
1341848035.818784 1.0478268 -0.3088358 0.8839382 -0.0585722 -0.4936415 -0.1924082 0.8460889
1341848037.227032 1.0157564 -0.2500169 0.7322856 -0.0232056 -0.4465120 -0.1305084 0.8849046
1341848037.462765 1.0095509 -0.2377554 0.7009200 -0.0056098 -0.4517703 -0.1293718 0.8826863
1341848037.730964 0.9940956 -0.2238964 0.6747106 0.0003236 -0.4407354 -0.1354540 0.8873581
1341848037.866711 0.9845638 -0.2162075 0.6619933 -0.0025610 -0.4308974 -0.1289239 0.8931403
1341848039.707168 0.8958162 -0.1270522 0.4960717 -0.0084486 -0.3286759 -0.0997360 0.9391238
1341848040.010707 0.8711442 -0.1143571 0.4759404 -0.0050316 -0.3126910 -0.0917445 0.9454004
1341848040.110819 0.8628680 -0.1085891 0.4691438 -0.0112045 -0.3053706 -0.0865119 0.9482294
1341848040.984484 0.7910767 -0.0919139 0.4157514 -0.0030998 -0.2126536 -0.0405670 0.9762803
1341848041.319290 0.7635678 -0.0778794 0.4063834 -0.0273034 -0.1792096 -0.0045468 0.9834214
1341848042.154788 0.6664083 -0.0793373 0.4048158 -0.0310340 -0.1130411 0.0443351 0.9921154
1341848042.590841 0.6130822 -0.0775721 0.4117022 -0.0423310 -0.0611645 0.0671206 0.9949682
1341848042.929860 0.5769485 -0.0739853 0.4139113 -0.0452307 -0.0141853 0.1003043 0.9938269
1341848043.065737 0.5663104 -0.0709892 0.4122011 -0.0441603 -0.0012250 0.1120692 0.9927179
1341848043.670144 0.4960482 -0.0827863 0.4341973 -0.0454167 0.0434056 0.1382545 0.9884022
1341848044.902692 0.3899230 -0.1186676 0.5094914 -0.0510465 0.1350940 0.2090077 0.9671916
1341848045.002641 0.3813393 -0.1205864 0.5113660 -0.0504304 0.1357967 0.2170658 0.9653489
1341848046.417763 0.2757443 -0.1494192 0.6249942 -0.0653701 0.0943523 0.1562556 0.9810243
1341848046.517760 0.2668184 -0.1490221 0.6266686 -0.0702069 0.0903271 0.1496715 0.9820949
1341848046.714925 0.2457759 -0.1489739 0.6235381 -0.0685000 0.0784793 0.1417428 0.9844073
1341848047.618981 0.1458678 -0.1297596 0.5856767 -0.0622754 0.0480147 0.1171574 0.9899952
1341848047.886853 0.1170227 -0.1317119 0.5803318 -0.0624640 0.0453540 0.1118423 0.9907233
1341848048.354699 0.0687496 -0.1364619 0.5750329 -0.0528580 0.0622411 0.1162308 0.9898598
1341848048.454923 0.0585857 -0.1369693 0.5722113 -0.0463021 0.0685994 0.1132590 0.9901124
1341848048.658741 0.0399843 -0.1424976 0.5686027 -0.0358768 0.0741691 0.1167200 0.9897415
1341848050.398693 -0.1421589 -0.1264044 0.5020114 0.0135150 0.0310699 0.0677716 0.9971254
1341848051.906707 -0.2365781 -0.1193794 0.4738764 0.0705310 -0.1222976 -0.0743303 0.9871898
1341848052.412309 -0.2088250 -0.1049403 0.4547746 0.0567326 -0.1014513 -0.1206917 0.9858613
1341848052.512393 -0.2023811 -0.1036604 0.4504702 0.0594598 -0.0959879 -0.1260398 0.9855784
1341848052.678720 -0.1856293 -0.0959949 0.4386660 0.0638295 -0.0907658 -0.1448597 0.9832106
1341848053.014784 -0.1531233 -0.0898831 0.4156207 0.0554998 -0.0643427 -0.1419456 0.9862207
1341848053.114846 -0.1450965 -0.0889722 0.4082803 0.0538202 -0.0499260 -0.1360864 0.9879733
1341848053.453749 -0.1159317 -0.0785252 0.3893171 0.0588378 -0.0093777 -0.1012502 0.9930753
1341848053.553915 -0.1095601 -0.0767512 0.3821884 0.0527013 0.0021935 -0.0895969 0.9945804
1341848053.653792 -0.1020612 -0.0726457 0.3756270 0.0423835 0.0164605 -0.0699350 0.9965148
1341848055.626675 -0.1610972 -0.0275724 0.2038110 0.0568867 0.1501260 0.1010050 0.9818473
1341848055.862804 -0.1775606 -0.0233152 0.1874814 0.0543119 0.1724677 0.1181695 0.9763919
1341848056.934715 -0.3413343 -0.0252924 0.1948773 0.0268227 0.1485729 0.1485229 0.9773165
1341848057.975316 -0.5054872 -0.0261736 0.2143725 -0.0115164 0.2063275 0.1911151 0.9595683
1341848058.207081 -0.5449030 -0.0348299 0.2249737 -0.0023204 0.1925164 0.1826398 0.9641446
1341848058.442794 -0.5776784 -0.0424633 0.2370748 0.0059390 0.1892874 0.1781430 0.9656087
1341848058.710728 -0.5985608 -0.0552697 0.2545755 0.0159113 0.2051103 0.1923497 0.9595197
1341848059.986776 -0.6351840 -0.0648324 0.2739271 0.0481839 0.2789036 0.2104441 0.9357374
1341848060.723165 -0.6239338 -0.0528462 0.2661819 0.0699908 0.2980675 0.1671979 0.9371777
1341848062.566929 -0.5396526 -0.0666626 0.2700729 0.0915861 0.2533717 0.1539904 0.9506323
1341848062.934962 -0.5161127 -0.0636096 0.2649773 0.0918411 0.2329276 0.1510796 0.9562870
1341848064.617693 -0.3234253 -0.0813296 0.3014001 0.0742100 0.1891048 0.1107444 0.9728658
1341848065.514745 -0.2293220 -0.0730174 0.2920662 0.0820787 0.1566511 0.1087791 0.9782079
1341848066.930221 -0.1151564 -0.0757426 0.3099961 0.0774051 0.0660528 0.0235655 0.9945301
1341848067.222948 -0.0926864 -0.0782414 0.3130029 0.0806191 0.0617306 0.0141838 0.9947305
1341848067.558770 -0.0717637 -0.0729136 0.3074870 0.0795803 0.0661634 0.0359470 0.9939805
